{
 "metadata": {
  "language_info": {
   "codemirror_mode": {
    "name": "ipython",
    "version": 3
   },
   "file_extension": ".py",
   "mimetype": "text/x-python",
   "name": "python",
   "nbconvert_exporter": "python",
   "pygments_lexer": "ipython3",
   "version": "3.9.1"
  },
  "orig_nbformat": 2,
  "kernelspec": {
   "name": "python391jvsc74a57bd0f51d1abb93260e312960d4755dbd3aba0f26eca10a4c2d27463e3a61c2270acf",
   "display_name": "Python 3.9.1 64-bit"
  },
  "metadata": {
   "interpreter": {
    "hash": "f51d1abb93260e312960d4755dbd3aba0f26eca10a4c2d27463e3a61c2270acf"
   }
  }
 },
 "nbformat": 4,
 "nbformat_minor": 2,
 "cells": [
  {
   "source": [
    "# Ejercicio 12\n",
    "El procedimiento para las transformaciones de Box Cox es diseñado para\n",
    "determinar una transformación óptima para la variable dependiente mientras se\n",
    "estima un modelo de regresión lineal. Es muy útil cuando la variabilidad de Y cambia\n",
    "como una función de las variables explicativas. A menudo, una apropiada\n",
    "transformación de la variable explicada estabiliza esta variabilidad y produce que\n",
    "las desviaciones alrededor del modelo sean más normalmente distribuidas.\n",
    "La clase de transformaciones consideradas son transformaciones de potencia definidas por:\n",
    "\n",
    "𝑦∗ = (𝑦 + 𝜆2)^𝜆1\n",
    "\n",
    "En la cual los datos son calculados en una potencia de 𝜆1 después de cambiarlo a una\n",
    "cierta cantidad 𝜆2. Posteriormente, el parámetro de cambio de 𝜆2 se fija igual a 0. Esta\n",
    "clase incluyen raíces cuadradas, logaritmos, recíprocos, y otras transformaciones comunes,\n",
    "que dependen sobre una potencia"
   ],
   "cell_type": "markdown",
   "metadata": {}
  },
  {
   "source": [
    "## Inciso A\n",
    "Con base en el ejercicio 11 elegir las variables significativas y mediante\n",
    "transformaciones Box Cox en la variable dependiente identificar el modelo adecuado\n",
    "utilizando las transformaciones comunes"
   ],
   "cell_type": "markdown",
   "metadata": {}
  },
  {
   "cell_type": "code",
   "execution_count": 7,
   "metadata": {},
   "outputs": [
    {
     "output_type": "stream",
     "name": "stdout",
     "text": [
      "[[1.0000e+00 3.9750e+02 4.2200e+01 5.0700e+01 7.8300e+01]\n [1.0000e+00 4.1330e+02 3.8100e+01 5.2000e+01 7.9200e+01]\n [1.0000e+00 4.3920e+02 4.0300e+01 5.4000e+01 7.9200e+01]\n [1.0000e+00 4.5970e+02 3.9500e+01 5.5300e+01 7.9200e+01]\n [1.0000e+00 4.9290e+02 3.7300e+01 5.4700e+01 7.7400e+01]\n [1.0000e+00 5.2860e+02 3.8100e+01 6.3700e+01 8.0200e+01]\n [1.0000e+00 5.6030e+02 3.9300e+01 6.9800e+01 8.0400e+01]\n [1.0000e+00 6.2460e+02 3.7800e+01 6.5900e+01 8.3900e+01]\n [1.0000e+00 6.6640e+02 3.8400e+01 6.4500e+01 8.5500e+01]\n [1.0000e+00 7.1780e+02 4.0100e+01 7.0000e+01 9.3700e+01]\n [1.0000e+00 7.6820e+02 3.8600e+01 7.3200e+01 1.0610e+02]\n [1.0000e+00 8.4330e+02 3.9800e+01 6.7800e+01 1.0480e+02]\n [1.0000e+00 9.1160e+02 3.9700e+01 7.9100e+01 1.1400e+02]\n [1.0000e+00 9.3110e+02 5.2100e+01 9.5400e+01 1.2410e+02]\n [1.0000e+00 1.0215e+03 4.8900e+01 9.4200e+01 1.2760e+02]\n [1.0000e+00 1.1659e+03 5.8300e+01 1.2350e+02 1.4290e+02]\n [1.0000e+00 1.3496e+03 5.7900e+01 1.2990e+02 1.4360e+02]\n [1.0000e+00 1.4494e+03 5.6500e+01 1.1760e+02 1.3920e+02]\n [1.0000e+00 1.5755e+03 6.3700e+01 1.3090e+02 1.6520e+02]\n [1.0000e+00 1.7591e+03 6.1600e+01 1.2980e+02 2.0330e+02]\n [1.0000e+00 1.9942e+03 5.8900e+01 1.2800e+02 2.1960e+02]\n [1.0000e+00 2.2581e+03 6.6400e+01 1.4100e+02 2.2160e+02]\n [1.0000e+00 2.4787e+03 7.0400e+01 1.6820e+02 2.3260e+02]]\n[[ 4242.71952515  4563.21272669  4547.95114566  4700.56695592\n   4761.61328002  5082.10648156  5433.12284515  5555.21549336\n   5601.00023644  5860.44711387  6165.67873439  6150.41715336\n   6379.34086875  6165.67873439  6211.46347746  6119.89399131\n   6516.69509798  6730.35723234  7127.15833901  7722.35999901\n   7646.05209388  7890.23739029  8073.3763626 ]\n [ 4563.21272669  4907.91584633  4891.50141206  5055.64575475\n   5121.30349182  5466.00661146  5843.53859964  5974.85407379\n   6024.0973766   6303.14275916  6631.43144454  6615.01701027\n   6861.2335243   6631.43144454  6680.67474734  6582.18814173\n   7008.96343272  7238.76551248  7665.54080346  8305.70373994\n   8223.6315686   8486.2625169   8683.23572812]\n [ 4547.95114566  4891.50141206  4875.14187556  5038.73724052\n   5104.1753865   5447.7256529   5823.99499229  5954.87128425\n   6003.94989373  6282.06201415  6609.25274405  6592.89320756\n   6838.28625499  6609.25274405  6658.33135354  6560.17413457\n   6985.52208344  7214.55559438  7639.90354325  8277.92546656\n   8196.12778409  8457.88036801  8654.19480595]\n [ 4700.56695592  5055.64575475  5038.73724052  5207.82238282\n   5275.45643974  5630.53523856  6019.43106585  6154.69917969\n   6205.42472238  6492.86946429  6831.03974889  6814.13123466\n   7067.75894811  6831.03974889  6881.76529158  6780.3142062\n   7219.93557618  7456.6547754   7896.27614537  8555.70820034\n   8471.16562919  8741.70185687  8944.60402763]\n [ 4761.61328002  5121.30349182  5104.1753865   5275.45643974\n   5343.96886103  5703.65907283  6097.60549528  6234.63033787\n   6286.01465384  6577.19244435  6919.75455082  6902.6264455\n   7159.54802536  6919.75455082  6971.13886679  6868.37023485\n   7313.70097327  7553.4944478   7998.82518622  8666.82129385\n   8581.18076723  8855.23045241  9060.7677163 ]\n [ 5082.10648156  5466.00661146  5447.7256529   5630.53523856\n   5703.65907283  6087.55920273  6508.02124977  6654.2689183\n   6709.111794    7019.88808964  7385.50726097  7367.22630241\n   7641.44068091  7385.50726097  7440.35013667  7330.66438527\n   7805.96930801  8061.90272794  8537.20765068  9250.16503478\n   9158.76024195  9451.25557902  9670.62708182]\n [ 5433.12284515  5843.53859964  5823.99499229  6019.43106585\n   6097.60549528  6508.02124977  6957.52421897  7113.87307783\n   7172.5038999   7504.74522496  7895.61737209  7876.07376474\n   8169.22787509  7895.61737209  7954.24819416  7836.98655002\n   8345.1203413   8618.73084429  9126.86463556  9889.06532247\n   9791.34728569 10104.04500339 10338.56829167]\n [ 5555.21549336  5974.85407379  5954.87128425  6154.69917969\n   6234.63033787  6654.2689183   7113.87307783  7273.73539418\n   7333.68376281  7673.39118507  8073.04697596  8053.06418641\n   8352.80602958  8073.04697596  8132.99534459  8013.09860733\n   8532.65113548  8812.4101891   9331.96271726 10111.29150949\n  10011.37756177 10331.10219448 10570.89566902]\n [ 5601.00023644  6024.0973766   6003.94989373  6205.42472238\n   6286.01465384  6709.111794    7172.5038999   7333.68376281\n   7394.12621141  7736.63342011  8139.58307741  8119.43559454\n   8421.64783752  8139.58307741  8200.025526    8079.14062881\n   8602.9751833   8885.03994341  9408.8744979  10194.62632963\n  10093.8889153  10416.24864114 10658.01843552]\n [ 5860.44711387  6303.14275916  6282.06201415  6492.86946429\n   6577.19244435  7019.88808964  7504.74522496  7673.39118507\n   7736.63342011  8095.00608535  8516.62098563  8495.54024061\n   8811.75141582  8516.62098563  8579.86322067  8453.37875059\n   9001.47812095  9296.60855114  9844.7079215  10666.85697705\n  10561.45325198 10898.7451722  11151.71411237]\n [ 6165.67873439  6631.43144454  6609.25274405  6831.03974889\n   6919.75455082  7385.50726097  7895.61737209  8073.04697596\n   8139.58307741  8516.62098563  8960.1949953   8938.01629481\n   9270.69680206  8960.1949953   9026.73109675  8893.65889384\n   9470.30510641  9780.80691318 10357.45312575 11222.4224446\n  11111.52894219 11466.38814992 11732.53255572]\n [ 6150.41715336  6615.01701027  6592.89320756  6814.13123466\n   6902.6264455   7367.22630241  7876.07376474  8053.06418641\n   8119.43559454  8495.54024061  8938.01629481  8915.8924921\n   9247.74953275  8938.01629481  9004.38770294  8871.64488668\n   9446.86375714  9756.59699508 10331.81586554 11194.64417122\n  11084.02515767 11438.00600103 11703.49163355]\n [ 6379.34086875  6861.2335243   6838.28625499  7067.75894811\n   7159.54802536  7641.44068091  8169.22787509  8352.80602958\n   8421.64783752  8811.75141582  9270.69680206  9247.74953275\n   9591.95857243  9270.69680206  9339.53861     9201.85499413\n   9798.48399624 10119.74576661 10716.37476872 11611.31827189\n  11496.58192533 11863.73823432 12139.10546607]\n [ 6165.67873439  6631.43144454  6609.25274405  6831.03974889\n   6919.75455082  7385.50726097  7895.61737209  8073.04697596\n   8139.58307741  8516.62098563  8960.1949953   8938.01629481\n   9270.69680206  8960.1949953   9026.73109675  8893.65889384\n   9470.30510641  9780.80691318 10357.45312575 11222.4224446\n  11111.52894219 11466.38814992 11732.53255572]\n [ 6211.46347746  6680.67474734  6658.33135354  6881.76529158\n   6971.13886679  7440.35013667  7954.24819416  8132.99534459\n   8200.025526    8579.86322067  9026.73109675  9004.38770294\n   9339.53861     9026.73109675  9093.76127816  8959.70091533\n   9540.62915423  9853.43666749 10434.36490639 11305.75726474\n  11194.04029572 11551.53459658 11819.65532222]\n [ 6119.89399131  6582.18814173  6560.17413457  6780.3142062\n   6868.37023485  7330.66438527  7836.98655002  8013.09860733\n   8079.14062881  8453.37875059  8893.65889385  8871.64488668\n   9201.85499413  8893.65889385  8959.70091533  8827.61687236\n   9399.98105859  9708.17715888 10280.54134511 11139.08762447\n  11029.01758865 11381.24170326 11645.40978922]\n [ 6516.69509798  7008.96343272  6985.52208344  7219.93557618\n   7313.70097327  7805.96930801  8345.1203413   8532.65113548\n   8602.9751833   9001.47812095  9470.30510641  9446.86375714\n   9798.48399624  9470.30510641  9540.62915423  9399.98105859\n  10009.4561397  10337.63502953 10947.11011063 11861.32273229\n  11744.11598592 12119.1775743  12400.47376558]\n [ 6730.35723234  7238.76551248  7214.55559438  7456.6547754\n   7553.4944478   8061.90272794  8618.73084429  8812.4101891\n   8885.03994341  9296.60855114  9780.80691318  9756.59699508\n  10119.74576661  9780.80691318  9853.43666749  9708.17715888\n  10337.63502953 10676.57388295 11306.0317536  12250.21855958\n  12129.16896907 12516.5276587  12807.04667592]\n [ 7127.15833901  7665.54080346  7639.90354325  7896.27614537\n   7998.82518622  8537.20765068  9126.86463556  9331.96271726\n   9408.8744979   9844.7079215  10357.45312575 10331.81586554\n  10716.37476872 10357.45312575 10434.36490639 10280.54134511\n  10947.11011063 11306.0317536  11972.60051912 12972.4536674\n  12844.26736634 13254.46352973 13562.11065228]\n [ 7722.35999901  8305.70373994  8277.92546656  8555.70820034\n   8666.82129385  9250.16503478  9889.06532247 10111.29150949\n  10194.62632963 10666.85697705 11222.4224446  11194.64417122\n  11611.31827189 11222.4224446  11305.75726474 11139.08762447\n  11861.32273229 12250.21855958 12972.4536674  14055.80632913\n  13916.91496224 14361.36733629 14694.70661682]\n [ 7646.05209388  8223.6315686   8196.12778409  8471.16562919\n   8581.18076723  9158.76024195  9791.34728569 10011.37756177\n  10093.8889153  10561.45325198 11111.52894219 11084.02515767\n  11496.58192533 11111.52894219 11194.04029572 11029.01758865\n  11744.11598592 12129.16896907 12844.26736634 13916.91496224\n  13779.39603969 14219.45659186 14549.50200598]\n [ 7890.23739029  8486.2625169   8457.88036801  8741.70185687\n   8855.23045241  9451.25557902 10104.04500339 10331.10219448\n  10416.24864114 10898.7451722  11466.38814992 11438.00600103\n  11863.73823432 11466.38814992 11551.53459658 11381.24170326\n  12119.1775743  12516.5276587  13254.46352973 14361.36733629\n  14219.45659186 14673.57097403 15014.15676066]\n [ 8073.3763626   8683.23572812  8654.19480595  8944.60402763\n   9060.7677163   9670.62708182 10338.56829167 10570.89566902\n  10658.01843552 11151.71411237 11732.53255572 11703.49163355\n  12139.10546607 11732.53255572 11819.65532222 11645.40978922\n  12400.47376558 12807.04667592 13562.11065228 14694.70661682\n  14549.50200598 15014.15676066 15362.64782667]]\n"
     ]
    },
    {
     "output_type": "error",
     "ename": "TypeError",
     "evalue": "only size-1 arrays can be converted to Python scalars",
     "traceback": [
      "\u001b[1;31m---------------------------------------------------------------------------\u001b[0m",
      "\u001b[1;31mTypeError\u001b[0m                                 Traceback (most recent call last)",
      "\u001b[1;32m<ipython-input-7-69753303f3c1>\u001b[0m in \u001b[0;36m<module>\u001b[1;34m\u001b[0m\n\u001b[0;32m     97\u001b[0m     \u001b[1;31m# lam = generateLam(i, lim_inf)\u001b[0m\u001b[1;33m\u001b[0m\u001b[1;33m\u001b[0m\u001b[1;33m\u001b[0m\u001b[0m\n\u001b[0;32m     98\u001b[0m     \u001b[0mlam\u001b[0m \u001b[1;33m=\u001b[0m \u001b[1;36m2\u001b[0m\u001b[1;33m\u001b[0m\u001b[1;33m\u001b[0m\u001b[0m\n\u001b[1;32m---> 99\u001b[1;33m     \u001b[0mrcuadrado\u001b[0m\u001b[1;33m,\u001b[0m \u001b[0mcbeta\u001b[0m \u001b[1;33m=\u001b[0m \u001b[0mregMult\u001b[0m\u001b[1;33m(\u001b[0m\u001b[0mX\u001b[0m\u001b[1;33m,\u001b[0m \u001b[0mY\u001b[0m\u001b[1;33m,\u001b[0m \u001b[0mlen\u001b[0m\u001b[1;33m(\u001b[0m\u001b[0mX\u001b[0m\u001b[1;33m)\u001b[0m\u001b[1;33m,\u001b[0m \u001b[0mnum_variables\u001b[0m\u001b[1;33m,\u001b[0m \u001b[0mlam\u001b[0m\u001b[1;33m)\u001b[0m\u001b[1;33m\u001b[0m\u001b[1;33m\u001b[0m\u001b[0m\n\u001b[0m\u001b[0;32m    100\u001b[0m     \u001b[1;32mif\u001b[0m \u001b[0mrcuadrado\u001b[0m \u001b[1;33m>\u001b[0m \u001b[0mR\u001b[0m\u001b[1;33m:\u001b[0m\u001b[1;33m\u001b[0m\u001b[1;33m\u001b[0m\u001b[0m\n\u001b[0;32m    101\u001b[0m         \u001b[0mbetagan\u001b[0m \u001b[1;33m=\u001b[0m \u001b[0mcbeta\u001b[0m\u001b[1;33m\u001b[0m\u001b[1;33m\u001b[0m\u001b[0m\n",
      "\u001b[1;32m<ipython-input-7-69753303f3c1>\u001b[0m in \u001b[0;36mregMult\u001b[1;34m(x, y, n, k, lam)\u001b[0m\n\u001b[0;32m     49\u001b[0m     \u001b[0mnum\u001b[0m \u001b[1;33m=\u001b[0m \u001b[0mscr\u001b[0m\u001b[1;33m/\u001b[0m\u001b[1;33m(\u001b[0m\u001b[0mk\u001b[0m\u001b[1;33m)\u001b[0m\u001b[1;33m\u001b[0m\u001b[1;33m\u001b[0m\u001b[0m\n\u001b[0;32m     50\u001b[0m     \u001b[0mprint\u001b[0m\u001b[1;33m(\u001b[0m\u001b[0mden\u001b[0m\u001b[1;33m)\u001b[0m\u001b[1;33m\u001b[0m\u001b[1;33m\u001b[0m\u001b[0m\n\u001b[1;32m---> 51\u001b[1;33m     \u001b[0mt\u001b[0m \u001b[1;33m=\u001b[0m \u001b[0mfloat\u001b[0m\u001b[1;33m(\u001b[0m\u001b[0mden\u001b[0m\u001b[1;33m)\u001b[0m\u001b[1;33m*\u001b[0m\u001b[0mxtxi\u001b[0m\u001b[1;33m\u001b[0m\u001b[1;33m\u001b[0m\u001b[0m\n\u001b[0m\u001b[0;32m     52\u001b[0m     \u001b[1;32mif\u001b[0m \u001b[0mintercepto\u001b[0m \u001b[1;33m==\u001b[0m \u001b[1;36m1\u001b[0m\u001b[1;33m:\u001b[0m\u001b[1;33m\u001b[0m\u001b[1;33m\u001b[0m\u001b[0m\n\u001b[0;32m     53\u001b[0m         \u001b[0mk\u001b[0m \u001b[1;33m=\u001b[0m \u001b[0mk\u001b[0m\u001b[1;33m+\u001b[0m\u001b[1;36m1\u001b[0m\u001b[1;33m\u001b[0m\u001b[1;33m\u001b[0m\u001b[0m\n",
      "\u001b[1;31mTypeError\u001b[0m: only size-1 arrays can be converted to Python scalars"
     ]
    }
   ],
   "source": [
    "import numpy as np\n",
    "import pandas as pd\n",
    "import copy\n",
    "import math\n",
    "\n",
    "def listarBetas(array, msg):\n",
    "\n",
    "    print(msg)\n",
    "\n",
    "    for index, Beta in enumerate(array, start=1):\n",
    "\n",
    "        print(f'Beta {index} => {Beta[0]}')\n",
    "\n",
    "def getSCT(y, n):\n",
    "    meany = y.sum()/n\n",
    "    suma = 0\n",
    "    for i in range(n):\n",
    "        suma = suma+((y[i, 0]-meany)**2)\n",
    "    return suma\n",
    "\n",
    "def regMult(x, y, n, k, lam):\n",
    "    xc = copy.copy(x)\n",
    "    yc = copy.copy(y)\n",
    "    for i in range(n):\n",
    "        for j in range(k):\n",
    "            if lam == 0:\n",
    "                return 0, lam\n",
    "            xc[i, j+1] = ((xc[i, j+1]**lam))/lam\n",
    "    xt = xc.T\n",
    "    xtx = xt*xc\n",
    "    xtxi = np.linalg.inv(xtx)\n",
    "    xtxixt = xtxi*xt\n",
    "    beta = xtxixt*y\n",
    "    lu = (xc*xtxi*xc.T)\n",
    "    sce = (yc.T)*(np.identity(n)-lu)*yc\n",
    "    unos = np.ones(n, order='C')\n",
    "    cunos = unos.reshape((n, 1))\n",
    "    cunost = unos.reshape((1, n))\n",
    "    yest = xc*beta\n",
    "    lunos = cunos*(1/n)*cunos\n",
    "    if intercepto == 0:\n",
    "        scr = (yc.T)*(lu)*yc\n",
    "    else:\n",
    "        scr = (yc.T)*(lu-lunos)*yc\n",
    "    if intercepto == 0:\n",
    "        den = sce/(n-k)\n",
    "    else:\n",
    "        den = sce/(n-k-1)\n",
    "    num = scr/(k)\n",
    "    print(den)\n",
    "    t = float(den)*xtxi\n",
    "    if intercepto == 1:\n",
    "        k = k+1\n",
    "    for i in range(k):\n",
    "        cof = math.sqrt(float(t[i, i]))\n",
    "        tstud = float(beta[i, 0])/cof\n",
    "    rcuad = float(scr/getSCT(yc, n))\n",
    "    return rcuad, beta\n",
    "\n",
    "def generateLam(i, linf):\n",
    "    lam = np.ones(num_variables)\n",
    "    cont = 0\n",
    "    while i > 0:\n",
    "        lam[cont] = linf+((i % 21)*0.1)\n",
    "        cont = cont+1\n",
    "        i = int(i/21)\n",
    "    return lam\n",
    "\n",
    "num_variables = 3\n",
    "\n",
    "intercepto = 1\n",
    "\n",
    "rango = 10\n",
    "\n",
    "max_iter = num_variables ** rango\n",
    "\n",
    "lim_inf = -2\n",
    "lim_sup = 2\n",
    "\n",
    "delta_rango = 0.1\n",
    "\n",
    "R = -10\n",
    "data = pd.read_csv(\"data11.csv\")\n",
    "X = data.iloc[:,2:]\n",
    "Y = data.iloc[:,1]\n",
    "X = np.matrix(X)\n",
    "Y = np.matrix(Y)\n",
    "X = np.insert(X, 0, 1, axis=1)\n",
    "print(X)\n",
    "Y = Y.T\n",
    "Y = Y * Y.T\n",
    "# print(X)\n",
    "# print(Y)\n",
    "\n",
    "# Y = np.linalg.matrix_power(Y,2)\n",
    "for i in range(num_variables):\n",
    "    # lam = generateLam(i, lim_inf)\n",
    "    lam = 2\n",
    "    rcuadrado, cbeta = regMult(X, Y, len(X), num_variables, lam)\n",
    "    if rcuadrado > R:\n",
    "        betagan = cbeta\n",
    "        R = rcuadrado\n",
    "print(\"R^2 Multiple de Lambda ==>\",R)\n",
    "listarBetas(betagan, \"\")\n"
   ]
  }
 ]
}